
[array([95., 97., 87., ..., 87., 83., 94.])]

0     1.654158e+03
1     5.155233e+02
2     1.121203e+04
3     4.768539e+03
4     4.892368e+03
5     1.803883e+01
6     5.339925e+01
7     2.265327e+06
8     1.615422e+06
9     7.301604e+01
10    1.651468e+02
11    4.689021e+02
12    1.109048e+03
13    1.896947e+02
14    1.265946e+02
15    2.623431e+02
16    8.067268e+02
17    1.223828e+03
18    2.531099e+03
19    1.078864e+04
20    2.011157e+06
21    8.875967e+01
dtype: float64

0     1.615624e+03
1     5.035144e+02
2     1.095339e+04
3     4.657597e+03
4     4.778565e+03
5     1.761863e+01
6     5.215533e+01
7     2.212563e+06
8     1.577826e+06
9     7.131515e+01
10    1.612997e+02
11    4.579792e+02
12    1.083213e+03
13    1.852758e+02
14    1.236456e+02
15    2.562319e+02
16    7.879343e+02
17    1.195324e+03
18    2.472161e+03
19    1.053861e+04
20    1.964308e+06
21    8.669204e+01
dtype: float64

0     1.589061e+03
1     4.952358e+02
2     1.077509e+04
3     4.581117e+03
4     4.700113e+03
5     1.732895e+01
6     5.129781e+01
7     2.176190e+06
8     1.551909e+06
9     7.014261e+01
10    1.586477e+02
11    4.504492e+02
12    1.065403e+03
13    1.822295e+02
14    1.216127e+02
15    2.520190e+02
16    7.749794e+02
17    1.175674e+03
18    2.431531e+03
19    1.036624e+04
20    1.932011e+06
21    8.526668e+01
dtype: float64

0     1.570749e+03
1     4.895287e+02
2     1.065217e+04
3     4.528394e+03
4     4.646030e+03
5     1.712925e+01
6     5.070666e+01
7     2.151115e+06
8     1.534042e+06
9     6.933430e+01
10    1.568195e+02
11    4.452583e+02
12    1.053125e+03
13    1.801295e+02
14    1.202112e+02
15    2.491148e+02
16    7.660486e+02
17    1.162128e+03
18    2.403522e+03
19    1.024741e+04
20    1.909747e+06
21    8.428408e+01
dtype: float64

0     1.558125e+03
1     4.855945e+02
2     1.056744e+04
3     4.492048e+03
4     4.608746e+03
5     1.699158e+01
6     5.029914e+01
7     2.133829e+06
8     1.521725e+06
9     6.877707e+01
10    1.555591e+02
11    4.416798e+02
12    1.044661e+03
13    1.786819e+02
14    1.192451e+02
15    2.471127e+02
16    7.598920e+02
17    1.152790e+03
18    2.384213e+03
19    1.016550e+04
20    1.894399e+06
21    8.360670e+01
dtype: float64

0     1.549422e+03
1     4.828823e+02
2     1.050902e+04
3     4.466993e+03
4     4.583045e+03
5     1.689668e+01
6     5.001821e+01
7     2.121912e+06
8     1.513235e+06
9     6.839293e+01
10    1.546903e+02
11    4.392129e+02
12    1.038827e+03
13    1.776839e+02
14    1.185791e+02
15    2.457325e+02
16    7.556478e+02
17    1.146353e+03
18    2.370902e+03
19    1.010903e+04
20    1.883818e+06
21    8.313973e+01
dtype: float64

0     1.543423e+03
1     4.810126e+02
2     1.046876e+04
3     4.449720e+03
4     4.565326e+03
5     1.683126e+01
6     4.982454e+01
7     2.113698e+06
8     1.507381e+06
9     6.812812e+01
10    1.540913e+02
11    4.375123e+02
12    1.034805e+03
13    1.769959e+02
14    1.181200e+02
15    2.447810e+02
16    7.527220e+02
17    1.141915e+03
18    2.361726e+03
19    1.007010e+04
20    1.876524e+06
21    8.281782e+01
dtype: float64
